rank,count,tax_remaining
1,19,205453
2,776,205434
3,13201,204658
4,24539,191457
5,39881,166918
6,32214,127037
7,24393,94823
8,23335,70430
9,31643,47095
10,9742,15452
11,4082,5710
12,1302,1628
13,240,326
14,42,86
15,20,44
16,11,24
17,6,13
18,4,7
19,2,3
20,1,1
21,0,0
